1.000000 0.000000 0.000000 0.000000 0.000000 0.000000 0.000000 0.000000 0.000000 0.000000 0.000000 0.000000 0.000000 0.000000 0.000000 0.000000 0.000000 0.000000 0.000000 0.000000 0.000000 0.000000 0.000000 0.000000
0.000000 1.000000 0.000000 0.000000 0.000000 0.000000 0.000000 0.000000 0.000000 0.000000 0.000000 0.000000 0.000000 0.000000 0.000000 0.000000 0.000000 0.000000 0.000000 0.000000 0.000000 0.000000 0.000000 0.000000
0.000000 0.000000 1.000000 0.000000 0.000000 0.000000 0.000000 0.000000 0.000000 0.000000 0.000000 0.000000 0.000000 0.000000 0.000000 0.000000 0.000000 0.000000 0.000000 0.000000 0.000000 0.000000 0.000000 0.000000
0.000000 0.000000 0.000000 -26442.307692 0.000000 0.000000 0.000000 -12019.230769 0.000000 -16826.923077 -2403.846154 0.000000 0.000000 0.000000 -12019.230769 -16826.923077 0.000000 -2403.846154 0.000000 -12019.230769 -12019.230769 -7211.538462 -2403.846154 -2403.846154
0.000000 0.000000 0.000000 0.000000 1.000000 0.000000 0.000000 0.000000 0.000000 0.000000 0.000000 0.000000 0.000000 0.000000 0.000000 0.000000 0.000000 0.000000 0.000000 0.000000 0.000000 0.000000 0.000000 0.000000
0.000000 0.000000 0.000000 0.000000 0.000000 1.000000 0.000000 0.000000 0.000000 0.000000 0.000000 0.000000 0.000000 0.000000 0.000000 0.000000 0.000000 0.000000 0.000000 0.000000 0.000000 0.000000 0.000000 0.000000
0.000000 0.000000 0.000000 0.000000 0.000000 0.000000 1.000000 0.000000 0.000000 0.000000 0.000000 0.000000 0.000000 0.000000 0.000000 0.000000 0.000000 0.000000 0.000000 0.000000 0.000000 0.000000 0.000000 0.000000
0.000000 0.000000 0.000000 -12019.230769 0.000000 0.000000 0.000000 -26442.307692 0.000000 -2403.846154 -16826.923077 0.000000 0.000000 0.000000 -12019.230769 -12019.230769 0.000000 -12019.230769 0.000000 -16826.923077 -2403.846154 -2403.846154 -7211.538462 -2403.846154
0.000000 0.000000 0.000000 0.000000 0.000000 0.000000 0.000000 0.000000 1.000000 0.000000 0.000000 0.000000 0.000000 0.000000 0.000000 0.000000 0.000000 0.000000 0.000000 0.000000 0.000000 0.000000 0.000000 0.000000
0.000000 0.000000 0.000000 -16826.923077 0.000000 0.000000 0.000000 -2403.846154 0.000000 -26442.307692 -12019.230769 0.000000 0.000000 0.000000 -12019.230769 -7211.538462 0.000000 -2403.846154 0.000000 -2403.846154 -12019.230769 -16826.923077 -12019.230769 -2403.846154
0.000000 0.000000 0.000000 -2403.846154 0.000000 0.000000 0.000000 -16826.923077 0.000000 -12019.230769 -26442.307692 0.000000 0.000000 0.000000 -12019.230769 -2403.846154 0.000000 -12019.230769 0.000000 -7211.538462 -2403.846154 -12019.230769 -16826.923077 -2403.846154
0.000000 0.000000 0.000000 0.000000 0.000000 0.000000 0.000000 0.000000 0.000000 0.000000 0.000000 1.000000 0.000000 0.000000 0.000000 0.000000 0.000000 0.000000 0.000000 0.000000 0.000000 0.000000 0.000000 0.000000
0.000000 0.000000 0.000000 0.000000 0.000000 0.000000 0.000000 0.000000 0.000000 0.000000 0.000000 0.000000 1.000000 0.000000 0.000000 0.000000 0.000000 0.000000 0.000000 0.000000 0.000000 0.000000 0.000000 0.000000
0.000000 0.000000 0.000000 0.000000 0.000000 0.000000 0.000000 0.000000 0.000000 0.000000 0.000000 0.000000 0.000000 1.000000 0.000000 0.000000 0.000000 0.000000 0.000000 0.000000 0.000000 0.000000 0.000000 0.000000
0.000000 0.000000 0.000000 -12019.230769 0.000000 0.000000 0.000000 -12019.230769 0.000000 -12019.230769 -12019.230769 0.000000 0.000000 0.000000 -26442.307692 -2403.846154 0.000000 -16826.923077 0.000000 -2403.846154 -16826.923077 -2403.846154 -2403.846154 -7211.538462
0.000000 0.000000 0.000000 -16826.923077 0.000000 0.000000 0.000000 -12019.230769 0.000000 -7211.538462 -2403.846154 0.000000 0.000000 0.000000 -2403.846154 -26442.307692 0.000000 -12019.230769 0.000000 -12019.230769 -2403.846154 -16826.923077 -2403.846154 -12019.230769
0.000000 0.000000 0.000000 0.000000 0.000000 0.000000 0.000000 0.000000 0.000000 0.000000 0.000000 0.000000 0.000000 0.000000 0.000000 0.000000 1.000000 0.000000 0.000000 0.000000 0.000000 0.000000 0.000000 0.000000
0.000000 0.000000 0.000000 -2403.846154 0.000000 0.000000 0.000000 -12019.230769 0.000000 -2403.846154 -12019.230769 0.000000 0.000000 0.000000 -16826.923077 -12019.230769 0.000000 -26442.307692 0.000000 -2403.846154 -7211.538462 -12019.230769 -2403.846154 -16826.923077
0.000000 0.000000 0.000000 0.000000 0.000000 0.000000 0.000000 0.000000 0.000000 0.000000 0.000000 0.000000 0.000000 0.000000 0.000000 0.000000 0.000000 0.000000 1.000000 0.000000 0.000000 0.000000 0.000000 0.000000
0.000000 0.000000 0.000000 -12019.230769 0.000000 0.000000 0.000000 -16826.923077 0.000000 -2403.846154 -7211.538462 0.000000 0.000000 0.000000 -2403.846154 -12019.230769 0.000000 -2403.846154 0.000000 -26442.307692 -12019.230769 -2403.846154 -16826.923077 -12019.230769
0.000000 0.000000 0.000000 -12019.230769 0.000000 0.000000 0.000000 -2403.846154 0.000000 -12019.230769 -2403.846154 0.000000 0.000000 0.000000 -16826.923077 -2403.846154 0.000000 -7211.538462 0.000000 -12019.230769 -26442.307692 -2403.846154 -12019.230769 -16826.923077
0.000000 0.000000 0.000000 -7211.538462 0.000000 0.000000 0.000000 -2403.846154 0.000000 -16826.923077 -12019.230769 0.000000 0.000000 0.000000 -2403.846154 -16826.923077 0.000000 -12019.230769 0.000000 -2403.846154 -2403.846154 -26442.307692 -12019.230769 -12019.230769
0.000000 0.000000 0.000000 -2403.846154 0.000000 0.000000 0.000000 -7211.538462 0.000000 -12019.230769 -16826.923077 0.000000 0.000000 0.000000 -2403.846154 -2403.846154 0.000000 -2403.846154 0.000000 -16826.923077 -12019.230769 -12019.230769 -26442.307692 -12019.230769
0.000000 0.000000 0.000000 -2403.846154 0.000000 0.000000 0.000000 -2403.846154 0.000000 -2403.846154 -2403.846154 0.000000 0.000000 0.000000 -7211.538462 -12019.230769 0.000000 -16826.923077 0.000000 -12019.230769 -16826.923077 -12019.230769 -12019.230769 -26442.307692
